0100044921612411050817
0100044921612411050821
0100044921612411050823
0100106446392411050826
0100044962892411050826
0100106446392411050827
0100044921612411050828
0100045003252411050828
0100106446392411050828
0100045003252411050829
0100044962892411050829
0100044648062411050832
0100045003252411050832
0100045003252411050846
0100106432782411050851
0100106432782411050852
0100106433442411050859
0100100544472411050910
0100106432782411050911
0100100544472411050912
0100106432782411050912
0100106445712411050914
0100044921612411050914
0100044921612411050915
0100106446392411050915
0100106433422411050915
0100106446392411050916
0100106446392411050920
0100106434772411050920
0100106434772411050924
0100106446392411050924
0100106446392411050926
0100106446392411050926
0100106446392411050927
0100106446392411050927
0100106446392411050927
0100106446392411050928
0100106446392411050928
0100106433442411050928
0100106446392411050928
0100106433442411050928
0100106446392411050929
0100106433442411050929
0100106446392411050929
0100106446392411050929
0100045003252411050940
0100100544472411050942
0100100544472411050943
0100044648062411050946
0100069885822411050946
0100069885822411050948
0100045003252411050948
0100106432782411050948
0100069885822411050949
0100069885822411050950
0100069885822411050951
0100069885822411050954
0100069885822411050955
0100069885822411050957
0100069885822411050958
0100069885822411051112
0100069885822411051113
0100069885822411051114
0100069885822411051115
0100106446392411051115
0100069885822411051116
0100106434772411051116
0100106433422411051116
0100069885822411051118
0100069885822411051119
0100069885822411051120
0100069885822411051121
0100069885822411051122
0100069885822411051125
0100069885822411051126
0100069885822411051127
0100106434772411051134
0100095168082411051137
0100106434772411051137
0100106433422411051137
0100106446392411051138
0100106433422411051138
0100044648062411051138
0100095168082411051139
0100106433422411051140
0100106433422411051141
0100095168082411051141
0100095168082411051142
0100106434772411051142
0100106434772411051143
0100095168082411051143
0100106433422411051146
0100106433422411051147
0100106434772411051154
0100106446392411051155
0100106434772411051156
0100106446392411051156
0100106446392411051157
0100106434772411051207
0100106434772411051208
0100106451692411051211
0100106434772411051213
0100106434772411051215
0100106451692411051218
0100106433442411051218
0100106434772411051218
0100095168082411051218
0100106451692411051219
0100106433422411051219
0100110019482411051227
0100106433442411051227
0100106445712411051230
0100106446392411051230
0100045003252411051232
0100106446392411051233
0100045003252411051235
0100100544472411051236
0100100544472411051237
0100044921612411051237
0100045003252411051238
0100044921612411051239
0100106433422411051239
0100106433422411051240
0100106434772411051240
0100044648062411051248
0100044648062411051251
0100106451692411051254
0100045003252411051255
0100106451692411051255
0100106446392411051257
0100106445712411051257
0100106434422411051258
0100045003252411051258
0100106446392411051300
0100095168082411051312
0100106446392411051329
0100106432782411051330
0100106434772411051331
0100106446392411051331
0100106446392411051332
0100106433442411051332
0100106434772411051332
0100106433422411051333
0100106433442411051334
0100044648062411051335
0100106433442411051335
0100106433422411051335
0100100544472411051336
0100100544472411051339
0100106445712411051347
0100106445712411051352
0100106446392411051352
0100106445712411051353
0100106446392411051354
0100069885822411051355
0100106445712411051356
0100069885822411051356
0100069885822411051357
0100069885822411051359
0100069885822411051400
0100069885822411051401
0100069885822411051402
0100044648062411051402
0100069885822411051403
0100069885822411051405
0100045104902411051405
0100069885822411051406
0100069885822411051427
0100069885822411051428
0100069885822411051429
0100069885822411051430
0100100544472411051431
0100100544472411051432
0100100544472411051433
0100106446392411051434
0100106433422411051436
0100106433422411051437
0100100544472411051438
0100106445442411051440
0100069885822411051443
0100106445442411051445
0100069885822411051445
0100106445442411051446
0100069885822411051446
0100106445442411051448
0100106445442411051449
0100106434772411051453
0100106434772411051456
0100106433442411051458
0100106446392411051459
0100044962892411051500
0100044962892411051502
0100106445442411051507
0100106445442411051508
0100069885822411051510
0100069885822411051511
0100069885822411051512
0100106433442411051512
0100044921612411051512
0100069885822411051514
0100069885822411051515
0100095168082411051516
0100106434772411051516
0100106433422411051516
0100069885822411051518
0100106433442411051518
0100069885822411051519
0100044648062411051519
0100106433422411051521
0100106433422411051530
0100106433422411051531
0100106433422411051532
0100095168082411051534
0100106434772411051534
0100106434772411051536
0100106433422411051536
0100095168082411051536
0100095168082411051538
0100106433422411051538
0100100544472411051544
0100100544472411051546
0100106445442411051552
0100106445442411051553
0100044962892411051556
0100044962892411051559
0100100544472411051559
0100069885822411051601
0100069885822411051603
0100069885822411051604
0100069885822411051605
0100106445712411051605
0100106446392411051607
0100100544472411051607
0100044648062411051608
0100100544472411051608
0100106445712411051610
0100106446392411051610
0100044648062411051611
0100106445442411051612
0100106446392411051612
0100106433422411051613
0100106445442411051616
0100095168082411051616
0100044647942411051627
0100044921612411051630
0100069885822411051630
0100044647942411051632
0100106434772411051632
0100044647942411051634
0100106445442411051634
0100044921612411051634
0100000000002411051634
0100044647942411051635
0100106434772411051635
0100044647942411051636
0100044647942411051637
0100095168082411051637
0100044647942411051638
0100044647942411051639
0100106445442411051639
0100069885822411051650
0100069885822411051651
0100106433442411051652
0100069885822411051653
0100106446392411051653
0100106446392411051654
0100069885822411051654
0100106433442411051654
0100069885822411051655
0100106432782411051656
0100106446392411051656
0100000000002411051706
0100095168082411051706
0100100544472411051706
0100106433422411051706
0100106433422411051707
0100106432782411051707
0100045003252411051716
0100106445442411051718
0100069885822411051718
0100045003252411051719
0100069885822411051720
0100069885822411051721
0100069885822411051723
0100044962892411051723
0100044962892411051724
0100044962892411051726
0100106445442411051728
0100106445442411051729
0100069885822411051730
0100045003252411051731
0100044648062411051733
0100106434772411051734
0100044962892411051735
0100106445442411051736
0100044962892411051738
0100044962892411051739
0100106445442411051739
0100069885822411051739
0100106433422411051742
0100106433422411051745
0100069885822411051745
0100106445442411051746
0100095168082411051749
0100106445442411051750
0100095168082411051750
0100106446392411051753
0100106445442411051755
0100106445712411051755
0100106433442411051757
0100106433442411051759
0100106432782411051801
0100106445712411051801
0100106433442411051804
0100100544472411051807
0100106445442411051807
0100100544472411051808
0100106445442411051809
0100100544472411051810
0100044921612411051815
0100106434772411051816
0100106433422411051816
0100095168082411051816
0100044921612411051818
0100106445712411051818
0100095168082411051818
0100106434772411051818
0100106434772411051819
0100095168082411051819
0100106434772411051820
0100095168082411051831
0100106434772411051831
0100106445442411051835
0100106445442411051842
0100106445442411051846
0100106445442411051849
0100106445442411051850
0100044921612411051857
