0100045003252411040815
0100045003252411040817
0100044921612411040821
0100044921612411040822
0100044962892411040823
0100106446392411040823
0100044921612411040824
0100106446392411040825
0100044648062411040829
0100045003252411040832
0100045003252411040834
0100044921612411040848
0100044921612411040850
0100106432782411040851
0100045003252411040854
0100045003252411040855
0100044648062411040856
0100044962892411040857
0100044648062411040859
0100106433442411040909
0100100544472411040913
0100106434772411040916
0100106434772411040917
0100106433422411040918
0100106433422411040919
0100106434772411040924
0100106433422411040928
0100106434772411040928
0100106433422411040929
0100106434772411040931
0100095168082411040939
0100106432782411040947
0100106432782411040948
0100106445442411040948
0100095168082411040949
0100106445442411040950
0100095168082411040952
0100095168082411040953
0100106434772411040958
0100106434772411040959
0100000000002411041011
0100106434772411041015
0100106434772411041018
0100106433422411041018
0100106433422411041019
0100106433422411041021
0100106445442411041021
0100106433422411041022
0100106445442411041024
0100106445442411041025
0100106445442411041026
0100106445442411041038
0100106445442411041039
0100069885822411041123
0100069885822411041124
0100069885822411041130
0100069885822411041137
0100069885822411041138
0100069885822411041650
0100069885822411041654
0100100544472411041704
0100069885822411041704
0100069885822411041705
0100069885822411041720
0100045003252411041720
0100069885822411041721
0100069885822411041721
0100069885822411041722
0100069885822411041722
0100069885822411041724
0100069885822411041726
0100069885822411041727
0100069885822411041728
0100069885822411041728
0100069885822411041729
0100045003252411041730
0100106433442411041732
0100106432782411041733
0100044648062411041735
0100106434772411041735
0100044962892411041737
0100044962892411041741
0100069885822411041741
0100069885822411041742
0100044648062411041742
0100069885822411041743
0100069885822411041743
0100069885822411041744
0100069885822411041744
0100069885822411041745
0100069885822411041752
0100044921612411041754
0100106433442411041757
0100100544472411041759
0100106445442411041800
0100106433442411041800
0100106432782411041800
0100100544472411041802
0100095168082411041802
0100106434772411041802
0100106433422411041802
0100106445442411041817
0100106445712411041818
0100106445712411041822
0100045003252411040815
0100045003252411040817
0100044921612411040821
0100044921612411040822
0100044962892411040823
0100106446392411040823
0100044921612411040824
0100106446392411040825
0100044648062411040829
0100045003252411040832
0100045003252411040834
0100044921612411040848
0100044921612411040850
0100106432782411040851
0100045003252411040854
0100045003252411040855
0100044648062411040856
0100044962892411040857
0100044648062411040859
0100106433442411040909
0100100544472411040913
0100106434772411040916
0100106434772411040917
0100106433422411040918
0100106433422411040919
0100106434772411040924
0100106433422411040928
0100106434772411040928
0100106433422411040929
0100106434772411040931
0100095168082411040939
0100106432782411040947
0100106432782411040948
0100106445442411040948
0100095168082411040949
0100106445442411040950
0100095168082411040952
0100095168082411040953
0100106434772411040958
0100106434772411040959
0100000000002411041011
0100106434772411041015
0100106434772411041018
0100106433422411041018
0100106433422411041019
0100106433422411041021
0100106445442411041021
0100106433422411041022
0100106445442411041024
0100106445442411041025
0100106445442411041026
0100106445442411041038
0100106445442411041039
0100069885822411041123
0100069885822411041124
0100069885822411041130
0100069885822411041137
0100069885822411041138
0100069885822411041650
0100069885822411041654
0100100544472411041704
0100069885822411041704
0100069885822411041705
0100069885822411041720
0100045003252411041720
0100069885822411041721
0100069885822411041721
0100069885822411041722
0100069885822411041722
0100069885822411041724
0100069885822411041726
0100069885822411041727
0100069885822411041728
0100069885822411041728
0100069885822411041729
0100045003252411041730
0100106433442411041732
0100106432782411041733
0100044648062411041735
0100106434772411041735
0100044962892411041737
0100044962892411041741
0100069885822411041741
0100069885822411041742
0100044648062411041742
0100069885822411041743
0100069885822411041743
0100069885822411041744
0100069885822411041744
0100069885822411041745
0100069885822411041752
0100044921612411041754
0100106433442411041757
0100100544472411041759
0100106445442411041800
0100106433442411041800
0100106432782411041800
0100100544472411041802
0100095168082411041802
0100106434772411041802
0100106433422411041802
0100106445442411041817
0100106445712411041818
0100106445712411041822
